1000.0 1000.0 0.0 0.0 -1 -1 -1 -1 0
1000.0 1000.0 0.0 0.0 1.1331667304 1.22400708545 6.0 0.0 1
1000.0 1000.0 0.0 0.0 1.1331667304 1.22400708545 6.0 0.0 2
1000.0 1000.0 0.0 0.0 1.1331667304 1.22400708545 6.0 0.0 3
1000.0 1000.0 0.0 0.0 1.1331667304 1.22400708545 6.0 0.0 4
1000.0 1000.0 0.0 0.0 1.1010889464 1.12552356219 45.0 5.0 5
1000.0 1000.0 0.0 0.0 1.08230286795 1.10558558069 142.0 29.0 6
1000.0 1000.0 0.0 0.0 1.06197795321 1.0835724362 181.0 49.0 7
1000.0 1000.0 0.0 0.0 1.09881143049 1.12689607906 334.0 86.0 8
1000.0 1000.0 0.0 0.0 1.1268649783 1.16014577713 459.0 114.0 9
1000.0 1000.0 0.0 0.0 1.12638256741 1.15935188715 549.0 144.0 10
1000.0 1000.0 0.0 0.0 1.13905060593 1.17419491009 633.0 163.0 11
1000.0 1000.0 0.0 0.0 1.14125909802 1.17725096887 691.0 179.0 12
0.942518921237 1.24301895746 4556.0 2819.0 1.13039907299 1.16451730403 817.0 217.0 13
0.972767352542 1.24734584865 4276.0 2473.0 1.14823647613 1.19010524883 939.0 248.0 14
1.04521355381 1.33451170393 4206.0 2250.0 1.14014305401 1.17962373508 1000.0 270.0 15
1.28166042908 1.46348006233 3863.0 980.0 1.13130490664 1.16983426678 1463.0 407.0 16
1.31559274623 1.50939471449 3334.0 710.0 1.1364579863 1.17247448036 1450.0 379.0 17
1.28261200178 1.42002050322 3685.0 723.0 1.12602373393 1.16574131513 1478.0 438.0 18
1.29513457384 1.46875967 3338.0 603.0 1.12489992082 1.16315856528 1518.0 438.0 19
1.20629238019 1.33784146381 3178.0 703.0 1.12383449973 1.16509565308 1498.0 432.0 20
1.20406287262 1.33492439978 3375.0 722.0 1.14170632425 1.19227995943 1515.0 432.0 21
1.2815807952 1.5014918958 3363.0 536.0 1.11600494139 1.15875132213 1432.0 431.0 22
1.42590322324 1.72007730359 3676.0 431.0 1.10044039774 1.13697432618 1383.0 423.0 23
1.69688664214 2.10004553945 3773.0 417.0 1.13513706014 1.18889128037 1416.0 417.0 24
1.83523397395 2.27190264714 3938.0 420.0 1.11692523206 1.16578058269 1390.0 417.0 25
1.95583609258 2.43381334668 3750.0 420.0 1.13457036061 1.19408035039 1401.0 420.0 26
2.08307819727 2.58684303219 3829.0 405.0 1.16603061064 1.24677041193 1440.0 405.0 27
2.10803248344 2.61961093847 3614.0 402.0 1.21689107416 1.32566500518 1514.0 402.0 28
2.13002861785 2.6196559596 3999.0 397.0 1.22160110953 1.32927944507 1524.0 397.0 29
2.19693532809 2.70051868136 3828.0 396.0 1.25130443753 1.3769748037 1554.0 396.0 30
2.17711220017 2.68607970602 4086.0 410.0 1.21227045615 1.32117180155 1483.0 410.0 31
2.15926385999 2.65077383768 4508.0 397.0 1.25122280746 1.40088095704 1486.0 397.0 32
2.10121725731 2.61514066594 4467.0 440.0 1.2501261092 1.41321745453 1428.0 389.0 33
2.08813831121 2.59658365727 4544.0 550.0 1.2334874056 1.39153583776 1383.0 390.0 34
2.06445001778 2.56589329959 4552.0 427.0 1.18258968312 1.31334754542 1311.0 389.0 35
2.07864609356 2.56304243682 4658.0 397.0 1.20655841317 1.34976445093 1311.0 392.0 36
2.00777522599 2.47334900191 4687.0 389.0 1.19307226475 1.33872778077 1288.0 389.0 37
1.94586842662 2.37447311583 4815.0 388.0 1.16933801821 1.27204482587 1296.0 388.0 38
1.91987313784 2.32482167167 5112.0 391.0 1.14161489685 1.22527921302 1280.0 391.0 39
1.73588036496 2.1175328934 4995.0 386.0 1.10803225728 1.17455162178 1242.0 386.0 40
1.66326687958 2.01592249276 5090.0 386.0 1.08947068647 1.14689211434 1226.0 386.0 41
1.58226189526 1.88075172305 5374.0 385.0 1.05763914701 1.10019888634 1197.0 385.0 42
1.50580236091 1.76749884718 5336.0 390.0 1.01012982443 1.0364786956 1125.0 387.0 43
1.4704590466 1.70639521775 5460.0 388.0 0.989177743954 1.00596385307 1103.0 388.0 44
1.44242351595 1.64965884936 5630.0 397.0 0.97535503216 0.986051184567 1093.0 397.0 45
1.43456977968 1.62548140461 5673.0 391.0 0.97578328457 0.985795673049 1098.0 391.0 46
1.42839441083 1.61531635633 5518.0 396.0 0.979704345106 0.989776504969 1116.0 396.0 47
1.5409699964 1.74556375467 5454.0 391.0 1.01378636495 1.03283868843 1184.0 390.0 48
1.61714036406 1.84228100266 5403.0 399.0 1.02287815697 1.04355858144 1206.0 399.0 49
1.6270940247 1.86293838531 5354.0 398.0 1.02660946222 1.04913634544 1211.0 398.0 50
1.70390425138 1.97170182237 5249.0 401.0 1.0554702162 1.08847620108 1257.0 401.0 51
1.75175921804 2.03644687199 5256.0 401.0 1.0723111445 1.11162897298 1289.0 401.0 52
2.0216017836 2.31900959902 5242.0 397.0 1.10815614284 1.15755547357 1371.0 397.0 53
1.2589098274 1.48934443449 5552.0 2317.0 1.0407535708 1.08123974745 852.0 308.0 54
1.17263362664 1.39100242691 5428.0 2559.0 1.02642150514 1.06731523084 783.0 298.0 55
1.18126932588 1.42451975252 5437.0 2644.0 1.04003230867 1.09106978212 744.0 287.0 56
1.12169475584 1.36245028624 5434.0 2891.0 1.01849930062 1.05694132973 669.0 271.0 57
1.11518554605 1.37949680288 5472.0 3068.0 1.01982244949 1.05569755863 625.0 261.0 58
1.06287824103 1.31130350857 5451.0 3297.0 1.02085153518 1.05641454829 606.0 260.0 59
1.02953165898 1.27864325161 5410.0 3472.0 1.02703576194 1.06987647841 560.0 247.0 60
1.02732442509 1.27832752714 5395.0 3509.0 1.04123314462 1.08882814157 562.0 246.0 61
1.03841952005 1.31479018035 5352.0 3578.0 1.04035543528 1.08838327911 529.0 232.0 62
0.997726330968 1.24642579762 5228.0 3677.0 1.24678075993 1.31515029364 228.0 71.0 63
1.22859826474 1.61946972488 5249.0 3781.0 1.30943239139 1.37323402086 266.0 70.0 64
1.19649367107 1.58637887133 5091.0 3793.0 1.24201574489 1.31031286115 255.0 85.0 65
1.11688470641 1.46834638458 4985.0 3883.0 1.14196136345 1.19306887291 336.0 115.0 66
1.00299553458 1.28271034104 5097.0 4320.0 1.05591472485 1.10074778552 293.0 139.0 67
0.889303418409 1.06897960235 5063.0 4585.0 1.01140535036 1.05103534272 264.0 144.0 68
0.891683585122 1.06610434371 5214.0 4619.0 1.05408546021 1.10746930881 281.0 148.0 69
1000.0 1000.0 0.0 0.0 1.09953010506 1.14834117235 183.0 66.0 70
1000.0 1000.0 0.0 0.0 1.08478422302 1.13293862966 139.0 52.0 71
0.794255624938 1.01567614912 5235.0 4931.0 1.05127179493 1.10628410952 92.0 43.0 72
0.71634338034 0.833743746598 5359.0 5034.0 1.18127550194 1.23521985462 167.0 46.0 73
0.908688437996 1.18149342856 5369.0 4753.0 1.17706920841 1.22746501925 188.0 48.0 74
2.61509628433 3.10977805356 4940.0 635.0 1.50164455074 1.6234297902 706.0 109.0 75
2.88383487857 3.31424724764 4992.0 609.0 1.50684913112 1.61944292744 795.0 105.0 76
2.85288572797 3.26326011011 4422.0 521.0 1.5167060386 1.62406025518 687.0 89.0 77
2.83959149581 3.26620202054 4045.0 482.0 1.51393546123 1.62245211578 650.0 82.0 78
2.84610708254 3.28448004447 3647.0 428.0 1.50009464236 1.6192159962 571.0 79.0 79
2.8200319104 3.25432919808 3400.0 407.0 1.49278552846 1.61612017834 550.0 75.0 80
2.83188109944 3.26995705345 3100.0 352.0 1.506506493 1.63698810278 545.0 75.0 81
2.83555288893 3.29421273553 2862.0 321.0 1.48503036887 1.60725557867 528.0 73.0 82
2.78138339126 3.23571904612 2544.0 286.0 1.50030791556 1.63995473458 497.0 67.0 83
1000.0 1000.0 1.0 0.0 1.46068006861 1.60121898607 500.0 74.0 84
1000.0 1000.0 0.0 0.0 1.42112608581 1.5571455986 492.0 78.0 85
1000.0 1000.0 0.0 0.0 1.33787089773 1.44865518597 480.0 88.0 86
1000.0 1000.0 0.0 0.0 1.27995460494 1.37944564548 440.0 90.0 87
1000.0 1000.0 0.0 0.0 1.18744393438 1.24213538739 392.0 100.0 88
1000.0 1000.0 0.0 0.0 1.0745020898 1.10512442649 245.0 77.0 89
1000.0 1000.0 0.0 0.0 1.06186818225 1.08947238245 182.0 59.0 90
1000.0 1000.0 0.0 0.0 1.04997565688 1.07928550565 123.0 42.0 91
1000.0 1000.0 0.0 0.0 0.821777800719 0.866933166633 9.0 9.0 92
1000.0 1000.0 0.0 0.0 0.821777800719 0.866933166633 9.0 9.0 93
1000.0 1000.0 0.0 0.0 1.25640006065 1.37662872138 5.0 0.0 94
1000.0 1000.0 0.0 0.0 0.916888932387 0.96665733587 9.0 2.0 95
1000.0 1000.0 0.0 0.0 0.861000031233 0.930184155153 6.0 6.0 96
1000.0 1000.0 0.0 0.0 0.816166708867 0.881596967273 6.0 6.0 97
1000.0 1000.0 0.0 0.0 2.20900003115 2.55124685522 3.0 0.0 98
1000.0 1000.0 0.0 0.0 2.20900003115 2.55124685522 3.0 0.0 99
1000.0 1000.0 0.0 0.0 2.20900003115 2.55124685522 3.0 0.0 100
1000.0 1000.0 0.0 0.0 2.20900003115 2.55124685522 3.0 0.0 101
1000.0 1000.0 0.0 0.0 1.02797147717 1.05106601947 35.0 7.0 102
1000.0 1000.0 0.0 0.0 1.08773842177 1.11226872988 172.0 42.0 103
1000.0 1000.0 0.0 0.0 1.09975463217 1.12934703383 273.0 68.0 104
1000.0 1000.0 0.0 0.0 1.08075847619 1.10698176711 356.0 101.0 105
1000.0 1000.0 0.0 0.0 1.07503216187 1.09947717219 436.0 128.0 106